contrast,budget,metric,n_seeds,resampling,estimate,ci95_lo,ci95_hi,p_two_sided,boot_sd,n_boot
C1-S1,0.01,test_macro_auroc,5,patients,-0.008376,-0.020782,0.002214,0.121788,0.005897,10000
C1-S1,0.01,test_macro_auroc,5,seeds+patients,-0.008376,-0.029398,0.010362,0.364164,0.010112,10000
C1-S1,0.01,test_e3_macro_auroc,5,patients,0.02476,0.018313,0.031186,0.0002,0.003262,10000
C1-S1,0.01,test_e3_macro_auroc,5,seeds+patients,0.02476,0.00734,0.039259,0.0046,0.008095,10000
C1-S1,0.01,sph_e3_macro_auroc,5,patients,0.015761,0.011656,0.019849,0.0002,0.002081,10000
C1-S1,0.01,sph_e3_macro_auroc,5,seeds+patients,0.015761,-0.008411,0.034895,0.173983,0.01123,10000
C1-S1,0.01,e3_degradation,5,patients,0.008999,0.001442,0.016645,0.021198,0.003876,10000
C1-S1,0.01,e3_degradation,5,seeds+patients,0.008999,-0.00584,0.024301,0.239976,0.007597,10000
C1-S1,0.01,test_e3_macro_auroc_criteria,5,patients,0.039697,0.031046,0.048496,0.0002,0.004446,10000
C1-S1,0.01,test_e3_macro_auroc_criteria,5,seeds+patients,0.039697,0.017466,0.059615,0.001,0.010759,10000
C1-S1,0.01,sph_e3_macro_auroc_criteria,5,patients,0.024182,0.019934,0.028668,0.0002,0.002199,10000
C1-S1,0.01,sph_e3_macro_auroc_criteria,5,seeds+patients,0.024182,0.001618,0.045031,0.036396,0.011157,10000
C1-S1,0.01,e3_degradation_criteria,5,patients,0.015515,0.005875,0.02521,0.003,0.004978,10000
C1-S1,0.01,e3_degradation_criteria,5,seeds+patients,0.015515,-0.002167,0.033634,0.082192,0.009014,10000
C1-S1,0.01,test_e3_macro_auroc_interpretive,5,patients,-0.005114,-0.012614,0.002194,0.178982,0.003809,10000
C1-S1,0.01,test_e3_macro_auroc_interpretive,5,seeds+patients,-0.005114,-0.026154,0.015458,0.644136,0.010681,10000
C1-S1,0.01,sph_e3_macro_auroc_interpretive,5,patients,-0.001081,-0.009879,0.007411,0.810119,0.004448,10000
C1-S1,0.01,sph_e3_macro_auroc_interpretive,5,seeds+patients,-0.001081,-0.037245,0.033687,0.986901,0.018275,10000
C1-S1,0.01,e3_degradation_interpretive,5,patients,-0.004034,-0.015493,0.00747,0.489551,0.005857,10000
C1-S1,0.01,e3_degradation_interpretive,5,seeds+patients,-0.004034,-0.037844,0.026523,0.811519,0.016566,10000
C0-S0,0.01,test_macro_auroc,5,patients,0.01681,0.005032,0.027707,0.0032,0.005731,10000
C0-S0,0.01,test_macro_auroc,5,seeds+patients,0.01681,-0.00184,0.034505,0.072793,0.009099,10000
C0-S0,0.01,test_e3_macro_auroc,5,patients,0.051024,0.043042,0.059148,0.0002,0.004125,10000
C0-S0,0.01,test_e3_macro_auroc,5,seeds+patients,0.051024,0.033011,0.066862,0.0002,0.008552,10000
C0-S0,0.01,sph_e3_macro_auroc,5,patients,0.038937,0.034951,0.043044,0.0002,0.002066,10000
C0-S0,0.01,sph_e3_macro_auroc,5,seeds+patients,0.038937,0.016373,0.059358,0.0008,0.011064,10000
C0-S0,0.01,e3_degradation,5,patients,0.012087,0.003161,0.021134,0.006199,0.004624,10000
C0-S0,0.01,e3_degradation,5,seeds+patients,0.012087,-0.003973,0.029218,0.148585,0.008479,10000
C0-S0,0.01,test_e3_macro_auroc_criteria,5,patients,0.070255,0.059042,0.081938,0.0002,0.005823,10000
C0-S0,0.01,test_e3_macro_auroc_criteria,5,seeds+patients,0.070255,0.049209,0.090098,0.0002,0.010229,10000
C0-S0,0.01,sph_e3_macro_auroc_criteria,5,patients,0.056112,0.051659,0.060692,0.0002,0.002275,10000
C0-S0,0.01,sph_e3_macro_auroc_criteria,5,seeds+patients,0.056112,0.039114,0.073785,0.0002,0.008881,10000
C0-S0,0.01,e3_degradation_criteria,5,patients,0.014143,0.002041,0.026414,0.021398,0.006238,10000
C0-S0,0.01,e3_degradation_criteria,5,seeds+patients,0.014143,-0.00534,0.034741,0.159584,0.010201,10000
C0-S0,0.01,test_e3_macro_auroc_interpretive,5,patients,0.012562,0.00566,0.019614,0.0002,0.003543,10000
C0-S0,0.01,test_e3_macro_auroc_interpretive,5,seeds+patients,0.012562,-0.01204,0.034195,0.30197,0.011971,10000
C0-S0,0.01,sph_e3_macro_auroc_interpretive,5,patients,0.004587,-0.003719,0.013002,0.271973,0.004242,10000
C0-S0,0.01,sph_e3_macro_auroc_interpretive,5,seeds+patients,0.004587,-0.034019,0.038485,0.768323,0.018732,10000
C0-S0,0.01,e3_degradation_interpretive,5,patients,0.007975,-0.002932,0.018734,0.153985,0.005533,10000
C0-S0,0.01,e3_degradation_interpretive,5,seeds+patients,0.007975,-0.013269,0.029272,0.445355,0.010658,10000
S1-S0,0.01,test_macro_auroc,5,patients,0.008507,0.001805,0.019997,0.017398,0.004621,10000
S1-S0,0.01,test_macro_auroc,5,seeds+patients,0.008507,-0.006415,0.026041,0.182582,0.008124,10000
S1-S0,0.01,test_e3_macro_auroc,5,patients,0.024228,0.017349,0.031381,0.0002,0.003584,10000
S1-S0,0.01,test_e3_macro_auroc,5,seeds+patients,0.024228,0.010687,0.037906,0.0028,0.006892,10000
S1-S0,0.01,sph_e3_macro_auroc,5,patients,0.015181,0.011553,0.018766,0.0002,0.001826,10000
S1-S0,0.01,sph_e3_macro_auroc,5,seeds+patients,0.015181,0.004297,0.02615,0.005399,0.005527,10000
S1-S0,0.01,e3_degradation,5,patients,0.009048,0.001137,0.017227,0.025197,0.004047,10000
S1-S0,0.01,e3_degradation,5,seeds+patients,0.009048,-0.003002,0.021508,0.133187,0.006116,10000
S1-S0,0.01,test_e3_macro_auroc_criteria,5,patients,0.031832,0.022194,0.042062,0.0002,0.005025,10000
S1-S0,0.01,test_e3_macro_auroc_criteria,5,seeds+patients,0.031832,0.009612,0.053868,0.006999,0.01119,10000
S1-S0,0.01,sph_e3_macro_auroc_criteria,5,patients,0.019767,0.015747,0.023823,0.0002,0.002043,10000
S1-S0,0.01,sph_e3_macro_auroc_criteria,5,seeds+patients,0.019767,0.000109,0.040235,0.048395,0.010354,10000
S1-S0,0.01,e3_degradation_criteria,5,patients,0.012065,0.001561,0.022855,0.024398,0.005422,10000
S1-S0,0.01,e3_degradation_criteria,5,seeds+patients,0.012065,-0.004484,0.028847,0.143986,0.008293,10000
S1-S0,0.01,test_e3_macro_auroc_interpretive,5,patients,0.009021,0.002589,0.015493,0.005199,0.003272,10000
S1-S0,0.01,test_e3_macro_auroc_interpretive,5,seeds+patients,0.009021,-0.002868,0.020865,0.130587,0.00599,10000
S1-S0,0.01,sph_e3_macro_auroc_interpretive,5,patients,0.006008,-0.001141,0.013226,0.09919,0.003636,10000
S1-S0,0.01,sph_e3_macro_auroc_interpretive,5,seeds+patients,0.006008,-0.009372,0.020522,0.40276,0.007561,10000
S1-S0,0.01,e3_degradation_interpretive,5,patients,0.003013,-0.006604,0.012747,0.541346,0.004907,10000
S1-S0,0.01,e3_degradation_interpretive,5,seeds+patients,0.003013,-0.011633,0.018736,0.69833,0.007675,10000
C1-C0,0.01,test_macro_auroc,5,patients,-0.016678,-0.023922,-0.004965,0.0026,0.004845,10000
C1-C0,0.01,test_macro_auroc,5,seeds+patients,-0.016678,-0.031429,0.001635,0.075192,0.008332,10000
C1-C0,0.01,test_e3_macro_auroc,5,patients,-0.002036,-0.006615,0.002568,0.386961,0.002366,10000
C1-C0,0.01,test_e3_macro_auroc,5,seeds+patients,-0.002036,-0.012087,0.00723,0.661734,0.004864,10000
C1-C0,0.01,sph_e3_macro_auroc,5,patients,-0.007996,-0.011518,-0.00453,0.0002,0.001788,10000
C1-C0,0.01,sph_e3_macro_auroc,5,seeds+patients,-0.007996,-0.027837,0.008375,0.420358,0.009446,10000
C1-C0,0.01,e3_degradation,5,patients,0.005959,0.000145,0.011779,0.044996,0.002979,10000
C1-C0,0.01,e3_degradation,5,seeds+patients,0.005959,-0.008579,0.020665,0.438156,0.007622,10000
C1-C0,0.01,test_e3_macro_auroc_criteria,5,patients,0.001273,-0.004937,0.007534,0.69933,0.003181,10000
C1-C0,0.01,test_e3_macro_auroc_criteria,5,seeds+patients,0.001273,-0.016412,0.017535,0.865713,0.008623,10000
C1-C0,0.01,sph_e3_macro_auroc_criteria,5,patients,-0.012163,-0.015648,-0.008697,0.0002,0.00178,10000
C1-C0,0.01,sph_e3_macro_auroc_criteria,5,seeds+patients,-0.012163,-0.044726,0.010392,0.494351,0.014599,10000
C1-C0,0.01,e3_degradation_criteria,5,patients,0.013436,0.006332,0.020716,0.0004,0.003635,10000
C1-C0,0.01,e3_degradation_criteria,5,seeds+patients,0.013436,-0.004341,0.034196,0.148585,0.009757,10000
C1-C0,0.01,test_e3_macro_auroc_interpretive,5,patients,-0.008656,-0.015337,-0.00199,0.010799,0.003409,10000
C1-C0,0.01,test_e3_macro_auroc_interpretive,5,seeds+patients,-0.008656,-0.022997,0.005101,0.210979,0.007107,10000
C1-C0,0.01,sph_e3_macro_auroc_interpretive,5,patients,0.00034,-0.007659,0.00796,0.939106,0.003993,10000
C1-C0,0.01,sph_e3_macro_auroc_interpretive,5,seeds+patients,0.00034,-0.015795,0.01624,0.965503,0.008094,10000
C1-C0,0.01,e3_degradation_interpretive,5,patients,-0.008995,-0.019193,0.001374,0.085991,0.005249,10000
C1-C0,0.01,e3_degradation_interpretive,5,seeds+patients,-0.008995,-0.031444,0.013793,0.422758,0.011582,10000
C1-S1,0.05,test_macro_auroc,5,patients,0.01027,0.001105,0.015713,0.024198,0.003712,10000
C1-S1,0.05,test_macro_auroc,5,seeds+patients,0.01027,-0.008384,0.025717,0.319568,0.008685,10000
C1-S1,0.05,test_e3_macro_auroc,5,patients,0.005362,0.002208,0.008558,0.0012,0.00162,10000
C1-S1,0.05,test_e3_macro_auroc,5,seeds+patients,0.005362,-0.000668,0.011245,0.077992,0.002999,10000
C1-S1,0.05,sph_e3_macro_auroc,5,patients,0.004487,0.002742,0.006216,0.0002,0.000888,10000
C1-S1,0.05,sph_e3_macro_auroc,5,seeds+patients,0.004487,-0.001434,0.010234,0.133187,0.00295,10000
C1-S1,0.05,e3_degradation,5,patients,0.000875,-0.00271,0.004522,0.636336,0.001846,10000
C1-S1,0.05,e3_degradation,5,seeds+patients,0.000875,-0.004827,0.006605,0.745325,0.002867,10000
C1-S1,0.05,test_e3_macro_auroc_criteria,5,patients,0.005305,0.001124,0.009502,0.009799,0.002148,10000
C1-S1,0.05,test_e3_macro_auroc_criteria,5,seeds+patients,0.005305,-0.005285,0.014177,0.287971,0.004984,10000
C1-S1,0.05,sph_e3_macro_auroc_criteria,5,patients,0.003306,0.001564,0.005079,0.0002,0.000903,10000
C1-S1,0.05,sph_e3_macro_auroc_criteria,5,seeds+patients,0.003306,-0.005271,0.011115,0.440556,0.004184,10000
C1-S1,0.05,e3_degradation_criteria,5,patients,0.001999,-0.002507,0.006572,0.384762,0.002329,10000
C1-S1,0.05,e3_degradation_criteria,5,seeds+patients,0.001999,-0.005648,0.009121,0.561744,0.003725,10000
C1-S1,0.05,test_e3_macro_auroc_interpretive,5,patients,0.005476,0.001173,0.00969,0.011199,0.002154,10000
C1-S1,0.05,test_e3_macro_auroc_interpretive,5,seeds+patients,0.005476,-0.004329,0.015377,0.255774,0.004923,10000
C1-S1,0.05,sph_e3_macro_auroc_interpretive,5,patients,0.006849,0.003028,0.010647,0.0004,0.001962,10000
C1-S1,0.05,sph_e3_macro_auroc_interpretive,5,seeds+patients,0.006849,-8.1e-05,0.013695,0.052595,0.003455,10000
C1-S1,0.05,e3_degradation_interpretive,5,patients,-0.001374,-0.007108,0.004143,0.652735,0.002898,10000
C1-S1,0.05,e3_degradation_interpretive,5,seeds+patients,-0.001374,-0.01042,0.007801,0.764924,0.004633,10000
C0-S0,0.05,test_macro_auroc,5,patients,-0.000981,-0.006253,0.006152,0.985901,0.003161,10000
C0-S0,0.05,test_macro_auroc,5,seeds+patients,-0.000981,-0.014437,0.01524,0.9995,0.007492,10000
C0-S0,0.05,test_e3_macro_auroc,5,patients,0.005928,0.002828,0.009112,0.0002,0.001592,10000
C0-S0,0.05,test_e3_macro_auroc,5,seeds+patients,0.005928,0.001603,0.010173,0.010199,0.002177,10000
C0-S0,0.05,sph_e3_macro_auroc,5,patients,0.007082,0.0052,0.008961,0.0002,0.000974,10000
C0-S0,0.05,sph_e3_macro_auroc,5,seeds+patients,0.007082,0.00181,0.011664,0.012999,0.002518,10000
C0-S0,0.05,e3_degradation,5,patients,-0.001154,-0.004792,0.002609,0.534747,0.001874,10000
C0-S0,0.05,e3_degradation,5,seeds+patients,-0.001154,-0.007722,0.005825,0.717928,0.003456,10000
C0-S0,0.05,test_e3_macro_auroc_criteria,5,patients,0.005166,0.001028,0.009376,0.016998,0.002138,10000
C0-S0,0.05,test_e3_macro_auroc_criteria,5,seeds+patients,0.005166,-0.002182,0.011993,0.153185,0.003578,10000
C0-S0,0.05,sph_e3_macro_auroc_criteria,5,patients,0.009504,0.00749,0.011642,0.0002,0.00106,10000
C0-S0,0.05,sph_e3_macro_auroc_criteria,5,seeds+patients,0.009504,0.000949,0.016742,0.029397,0.004025,10000
C0-S0,0.05,e3_degradation_criteria,5,patients,-0.004337,-0.009053,0.000403,0.068993,0.002394,10000
C0-S0,0.05,e3_degradation_criteria,5,seeds+patients,-0.004337,-0.013456,0.00542,0.350165,0.004809,10000
C0-S0,0.05,test_e3_macro_auroc_interpretive,5,patients,0.007451,0.002951,0.01197,0.0014,0.002308,10000
C0-S0,0.05,test_e3_macro_auroc_interpretive,5,seeds+patients,0.007451,-0.003196,0.018248,0.168983,0.005451,10000
C0-S0,0.05,sph_e3_macro_auroc_interpretive,5,patients,0.002238,-0.001857,0.006258,0.273973,0.002057,10000
C0-S0,0.05,sph_e3_macro_auroc_interpretive,5,seeds+patients,0.002238,-0.00703,0.011247,0.647935,0.004622,10000
C0-S0,0.05,e3_degradation_interpretive,5,patients,0.005212,-0.000645,0.011331,0.083992,0.00309,10000
C0-S0,0.05,e3_degradation_interpretive,5,seeds+patients,0.005212,-0.003146,0.013572,0.209779,0.004263,10000
S1-S0,0.05,test_macro_auroc,5,patients,-0.009554,-0.013885,-0.000622,0.031997,0.003399,10000
S1-S0,0.05,test_macro_auroc,5,seeds+patients,-0.009554,-0.018965,0.004281,0.194781,0.00581,10000
S1-S0,0.05,test_e3_macro_auroc,5,patients,0.001322,-0.002142,0.004746,0.439356,0.001749,10000
S1-S0,0.05,test_e3_macro_auroc,5,seeds+patients,0.001322,-0.003851,0.006127,0.578342,0.00255,10000
S1-S0,0.05,sph_e3_macro_auroc,5,patients,0.006518,0.004615,0.008462,0.0002,0.000987,10000
S1-S0,0.05,sph_e3_macro_auroc,5,seeds+patients,0.006518,0.002968,0.009972,0.001,0.001764,10000
S1-S0,0.05,e3_degradation,5,patients,-0.005196,-0.009227,-0.001223,0.009199,0.002021,10000
S1-S0,0.05,e3_degradation,5,seeds+patients,-0.005196,-0.010533,3.3e-05,0.052395,0.002678,10000
S1-S0,0.05,test_e3_macro_auroc_criteria,5,patients,0.000895,-0.003914,0.005506,0.69593,0.002388,10000
S1-S0,0.05,test_e3_macro_auroc_criteria,5,seeds+patients,0.000895,-0.006709,0.008038,0.79992,0.003747,10000
S1-S0,0.05,sph_e3_macro_auroc_criteria,5,patients,0.010215,0.008159,0.012407,0.0002,0.001092,10000
S1-S0,0.05,sph_e3_macro_auroc_criteria,5,seeds+patients,0.010215,0.005861,0.014889,0.0002,0.00228,10000
S1-S0,0.05,e3_degradation_criteria,5,patients,-0.00932,-0.014595,-0.004214,0.0004,0.002623,10000
S1-S0,0.05,e3_degradation_criteria,5,seeds+patients,-0.00932,-0.017391,-0.00188,0.015798,0.003921,10000
S1-S0,0.05,test_e3_macro_auroc_interpretive,5,patients,0.002176,-0.001939,0.006396,0.30077,0.002134,10000
S1-S0,0.05,test_e3_macro_auroc_interpretive,5,seeds+patients,0.002176,-0.005519,0.009975,0.549145,0.003921,10000
S1-S0,0.05,sph_e3_macro_auroc_interpretive,5,patients,-0.000877,-0.004825,0.00295,0.669333,0.002005,10000
S1-S0,0.05,sph_e3_macro_auroc_interpretive,5,seeds+patients,-0.000877,-0.00936,0.00818,0.839916,0.00444,10000
S1-S0,0.05,e3_degradation_interpretive,5,patients,0.003053,-0.002606,0.008923,0.290571,0.002935,10000
S1-S0,0.05,e3_degradation_interpretive,5,seeds+patients,0.003053,-0.008174,0.01491,0.59594,0.005789,10000
C1-C0,0.05,test_macro_auroc,5,patients,0.001697,-0.004747,0.007154,0.685331,0.003015,10000
C1-C0,0.05,test_macro_auroc,5,seeds+patients,0.001697,-0.011878,0.013884,0.826917,0.006435,10000
C1-C0,0.05,test_e3_macro_auroc,5,patients,0.000756,-0.002246,0.003698,0.608139,0.001514,10000
C1-C0,0.05,test_e3_macro_auroc,5,seeds+patients,0.000756,-0.005262,0.006972,0.807319,0.003094,10000
C1-C0,0.05,sph_e3_macro_auroc,5,patients,0.003923,0.002456,0.005413,0.0002,0.000752,10000
C1-C0,0.05,sph_e3_macro_auroc,5,seeds+patients,0.003923,-0.002712,0.010357,0.245575,0.003364,10000
C1-C0,0.05,e3_degradation,5,patients,-0.003167,-0.006492,8.1e-05,0.056994,0.001679,10000
C1-C0,0.05,e3_degradation,5,seeds+patients,-0.003167,-0.008797,0.002517,0.265973,0.002877,10000
C1-C0,0.05,test_e3_macro_auroc_criteria,5,patients,0.001034,-0.002822,0.004815,0.585941,0.001942,10000
C1-C0,0.05,test_e3_macro_auroc_criteria,5,seeds+patients,0.001034,-0.010924,0.010933,0.820918,0.005621,10000
C1-C0,0.05,sph_e3_macro_auroc_criteria,5,patients,0.004017,0.002453,0.005587,0.0002,0.000796,10000
C1-C0,0.05,sph_e3_macro_auroc_criteria,5,seeds+patients,0.004017,-0.004914,0.011811,0.369163,0.004341,10000
C1-C0,0.05,e3_degradation_criteria,5,patients,-0.002983,-0.007134,0.001106,0.152385,0.002089,10000
C1-C0,0.05,e3_degradation_criteria,5,seeds+patients,-0.002983,-0.011088,0.004725,0.431757,0.003992,10000
C1-C0,0.05,test_e3_macro_auroc_interpretive,5,patients,0.000201,-0.003941,0.00443,0.932507,0.002152,10000
C1-C0,0.05,test_e3_macro_auroc_interpretive,5,seeds+patients,0.000201,-0.013855,0.015541,0.951905,0.007617,10000
C1-C0,0.05,sph_e3_macro_auroc_interpretive,5,patients,0.003734,0.00055,0.006946,0.020198,0.00161,10000
C1-C0,0.05,sph_e3_macro_auroc_interpretive,5,seeds+patients,0.003734,-0.006208,0.014972,0.484352,0.005456,10000
C1-C0,0.05,e3_degradation_interpretive,5,patients,-0.003533,-0.008725,0.001624,0.190381,0.002672,10000
C1-C0,0.05,e3_degradation_interpretive,5,seeds+patients,-0.003533,-0.016262,0.010979,0.592141,0.00693,10000
C1-S1,0.1,test_macro_auroc,5,patients,-0.000504,-0.005962,0.005926,0.929907,0.003035,10000
C1-S1,0.1,test_macro_auroc,5,seeds+patients,-0.000504,-0.01229,0.012133,0.973103,0.006173,10000
C1-S1,0.1,test_e3_macro_auroc,5,patients,-7.6e-05,-0.002192,0.002132,0.970303,0.001101,10000
C1-S1,0.1,test_e3_macro_auroc,5,seeds+patients,-7.6e-05,-0.004344,0.004599,0.966703,0.002273,10000
C1-S1,0.1,sph_e3_macro_auroc,5,patients,0.001191,9.6e-05,0.002345,0.032597,0.000569,10000
C1-S1,0.1,sph_e3_macro_auroc,5,seeds+patients,0.001191,-0.00159,0.003935,0.383562,0.001401,10000
C1-S1,0.1,e3_degradation,5,patients,-0.001267,-0.003689,0.001194,0.315768,0.00124,10000
C1-S1,0.1,e3_degradation,5,seeds+patients,-0.001267,-0.005286,0.00288,0.539146,0.002059,10000
C1-S1,0.1,test_e3_macro_auroc_criteria,5,patients,-0.000195,-0.00275,0.002516,0.90451,0.001347,10000
C1-S1,0.1,test_e3_macro_auroc_criteria,5,seeds+patients,-0.000195,-0.004698,0.004637,0.943106,0.002374,10000
C1-S1,0.1,sph_e3_macro_auroc_criteria,5,patients,0.001789,0.000784,0.002808,0.0004,0.000513,10000
C1-S1,0.1,sph_e3_macro_auroc_criteria,5,seeds+patients,0.001789,-0.000836,0.004546,0.181782,0.001366,10000
C1-S1,0.1,e3_degradation_criteria,5,patients,-0.001984,-0.004748,0.000871,0.182382,0.001445,10000
C1-S1,0.1,e3_degradation_criteria,5,seeds+patients,-0.001984,-0.006638,0.002793,0.39936,0.002366,10000
C1-S1,0.1,test_e3_macro_auroc_interpretive,5,patients,0.000162,-0.003471,0.003787,0.942106,0.001864,10000
C1-S1,0.1,test_e3_macro_auroc_interpretive,5,seeds+patients,0.000162,-0.006504,0.007889,0.9961,0.003634,10000
C1-S1,0.1,sph_e3_macro_auroc_interpretive,5,patients,-4e-06,-0.002671,0.002783,0.9955,0.001386,10000
C1-S1,0.1,sph_e3_macro_auroc_interpretive,5,seeds+patients,-4e-06,-0.005488,0.004659,0.953305,0.002581,10000
C1-S1,0.1,e3_degradation_interpretive,5,patients,0.000166,-0.004375,0.004764,0.944706,0.002318,10000
C1-S1,0.1,e3_degradation_interpretive,5,seeds+patients,0.000166,-0.007353,0.008268,0.988701,0.003981,10000
C0-S0,0.1,test_macro_auroc,5,patients,-0.005852,-0.01183,0.001253,0.109189,0.003336,10000
C0-S0,0.1,test_macro_auroc,5,seeds+patients,-0.005852,-0.01648,0.004338,0.30497,0.005327,10000
C0-S0,0.1,test_e3_macro_auroc,5,patients,0.005826,0.003394,0.008244,0.0002,0.001254,10000
C0-S0,0.1,test_e3_macro_auroc,5,seeds+patients,0.005826,0.000821,0.011018,0.025797,0.002635,10000
C0-S0,0.1,sph_e3_macro_auroc,5,patients,0.003363,0.001648,0.005294,0.0002,0.00093,10000
C0-S0,0.1,sph_e3_macro_auroc,5,seeds+patients,0.003363,-0.001155,0.007366,0.136586,0.002199,10000
C0-S0,0.1,e3_degradation,5,patients,0.002463,-0.000669,0.005517,0.117988,0.001585,10000
C0-S0,0.1,e3_degradation,5,seeds+patients,0.002463,-0.002924,0.007737,0.350365,0.002684,10000
C0-S0,0.1,test_e3_macro_auroc_criteria,5,patients,0.005783,0.002725,0.008929,0.0004,0.001575,10000
C0-S0,0.1,test_e3_macro_auroc_criteria,5,seeds+patients,0.005783,-0.000125,0.012698,0.054995,0.003264,10000
C0-S0,0.1,sph_e3_macro_auroc_criteria,5,patients,0.002368,0.000966,0.003764,0.0012,0.000723,10000
C0-S0,0.1,sph_e3_macro_auroc_criteria,5,seeds+patients,0.002368,-0.00404,0.008477,0.460154,0.003236,10000
C0-S0,0.1,e3_degradation_criteria,5,patients,0.003414,4.9e-05,0.006856,0.046795,0.001741,10000
C0-S0,0.1,e3_degradation_criteria,5,seeds+patients,0.003414,-0.002832,0.009772,0.277572,0.003194,10000
C0-S0,0.1,test_e3_macro_auroc_interpretive,5,patients,0.005913,0.001855,0.010147,0.006199,0.002144,10000
C0-S0,0.1,test_e3_macro_auroc_interpretive,5,seeds+patients,0.005913,-0.003902,0.018094,0.282772,0.005655,10000
C0-S0,0.1,sph_e3_macro_auroc_interpretive,5,patients,0.005352,0.001168,0.010533,0.009199,0.002368,10000
C0-S0,0.1,sph_e3_macro_auroc_interpretive,5,seeds+patients,0.005352,-0.001842,0.014035,0.139786,0.003993,10000
C0-S0,0.1,e3_degradation_interpretive,5,patients,0.000561,-0.005928,0.00661,0.838916,0.003217,10000
C0-S0,0.1,e3_degradation_interpretive,5,seeds+patients,0.000561,-0.01345,0.017242,0.976902,0.007768,10000
S1-S0,0.1,test_macro_auroc,5,patients,0.002638,-0.00221,0.006781,0.321768,0.002262,10000
S1-S0,0.1,test_macro_auroc,5,seeds+patients,0.002638,-0.006136,0.010917,0.59554,0.004289,10000
S1-S0,0.1,test_e3_macro_auroc,5,patients,0.006509,0.00454,0.008524,0.0002,0.001025,10000
S1-S0,0.1,test_e3_macro_auroc,5,seeds+patients,0.006509,0.00228,0.01079,0.0042,0.002189,10000
S1-S0,0.1,sph_e3_macro_auroc,5,patients,0.002786,0.001399,0.004319,0.0002,0.000748,10000
S1-S0,0.1,sph_e3_macro_auroc,5,seeds+patients,0.002786,-0.000715,0.006632,0.122988,0.001876,10000
S1-S0,0.1,e3_degradation,5,patients,0.003723,0.001256,0.006201,0.0028,0.001283,10000
S1-S0,0.1,e3_degradation,5,seeds+patients,0.003723,-0.002039,0.009279,0.190781,0.002887,10000
S1-S0,0.1,test_e3_macro_auroc_criteria,5,patients,0.006634,0.004205,0.009079,0.0002,0.001262,10000
S1-S0,0.1,test_e3_macro_auroc_criteria,5,seeds+patients,0.006634,0.000489,0.013945,0.033597,0.003446,10000
S1-S0,0.1,sph_e3_macro_auroc_criteria,5,patients,0.001876,0.000696,0.003093,0.0014,0.000606,10000
S1-S0,0.1,sph_e3_macro_auroc_criteria,5,seeds+patients,0.001876,-0.001259,0.005042,0.246775,0.001594,10000
S1-S0,0.1,e3_degradation_criteria,5,patients,0.004758,0.002066,0.007522,0.0014,0.001406,10000
S1-S0,0.1,e3_degradation_criteria,5,seeds+patients,0.004758,-0.002057,0.012699,0.192381,0.003784,10000
S1-S0,0.1,test_e3_macro_auroc_interpretive,5,patients,0.006259,0.002867,0.009769,0.0004,0.001766,10000
S1-S0,0.1,test_e3_macro_auroc_interpretive,5,seeds+patients,0.006259,-0.002862,0.015368,0.175982,0.004669,10000
S1-S0,0.1,sph_e3_macro_auroc_interpretive,5,patients,0.004605,0.001246,0.008615,0.005999,0.001893,10000
S1-S0,0.1,sph_e3_macro_auroc_interpretive,5,seeds+patients,0.004605,-0.003119,0.012904,0.243776,0.004053,10000
S1-S0,0.1,e3_degradation_interpretive,5,patients,0.001654,-0.00357,0.006558,0.511549,0.002599,10000
S1-S0,0.1,e3_degradation_interpretive,5,seeds+patients,0.001654,-0.007686,0.011336,0.721928,0.004787,10000
C1-C0,0.1,test_macro_auroc,5,patients,0.007986,0.00248,0.012331,0.0038,0.002522,10000
C1-C0,0.1,test_macro_auroc,5,seeds+patients,0.007986,-0.002624,0.017515,0.145385,0.005127,10000
C1-C0,0.1,test_e3_macro_auroc,5,patients,0.000607,-0.001161,0.002459,0.521348,0.000935,10000
C1-C0,0.1,test_e3_macro_auroc,5,seeds+patients,0.000607,-0.00291,0.004114,0.711329,0.001778,10000
C1-C0,0.1,sph_e3_macro_auroc,5,patients,0.000614,-0.000653,0.001918,0.344366,0.00065,10000
C1-C0,0.1,sph_e3_macro_auroc,5,seeds+patients,0.000614,-0.004425,0.006104,0.853915,0.0027,10000
C1-C0,0.1,e3_degradation,5,patients,-8e-06,-0.002208,0.002242,0.9989,0.001143,10000
C1-C0,0.1,e3_degradation,5,seeds+patients,-8e-06,-0.005961,0.005993,0.990901,0.003006,10000
C1-C0,0.1,test_e3_macro_auroc_criteria,5,patients,0.000656,-0.001656,0.002995,0.572543,0.001181,10000
C1-C0,0.1,test_e3_macro_auroc_criteria,5,seeds+patients,0.000656,-0.003268,0.004518,0.685331,0.001962,10000
C1-C0,0.1,sph_e3_macro_auroc_criteria,5,patients,0.001297,0.000195,0.002405,0.021398,0.000565,10000
C1-C0,0.1,sph_e3_macro_auroc_criteria,5,seeds+patients,0.001297,-0.004241,0.007423,0.725327,0.003001,10000
C1-C0,0.1,e3_degradation_criteria,5,patients,-0.000641,-0.003186,0.001961,0.625737,0.001312,10000
C1-C0,0.1,e3_degradation_criteria,5,seeds+patients,-0.000641,-0.008366,0.006152,0.916908,0.003723,10000
C1-C0,0.1,test_e3_macro_auroc_interpretive,5,patients,0.000508,-0.00258,0.003597,0.762924,0.001589,10000
C1-C0,0.1,test_e3_macro_auroc_interpretive,5,seeds+patients,0.000508,-0.007738,0.007856,0.880112,0.004,10000
C1-C0,0.1,sph_e3_macro_auroc_interpretive,5,patients,-0.00075,-0.00381,0.002438,0.624338,0.001591,10000
C1-C0,0.1,sph_e3_macro_auroc_interpretive,5,seeds+patients,-0.00075,-0.007433,0.004976,0.826317,0.003127,10000
C1-C0,0.1,e3_degradation_interpretive,5,patients,0.001259,-0.003154,0.005665,0.575342,0.002252,10000
C1-C0,0.1,e3_degradation_interpretive,5,seeds+patients,0.001259,-0.009391,0.011471,0.80472,0.00532,10000
C1-S1,0.25,test_macro_auroc,5,patients,-0.004763,-0.00804,-0.001398,0.005799,0.001683,10000
C1-S1,0.25,test_macro_auroc,5,seeds+patients,-0.004763,-0.010601,0.000307,0.063394,0.002724,10000
C1-S1,0.25,test_e3_macro_auroc,5,patients,-0.001002,-0.002445,0.000375,0.148785,0.000712,10000
C1-S1,0.25,test_e3_macro_auroc,5,seeds+patients,-0.001002,-0.003885,0.001931,0.49855,0.00148,10000
C1-S1,0.25,sph_e3_macro_auroc,5,patients,-0.002075,-0.002688,-0.001454,0.0002,0.000318,10000
C1-S1,0.25,sph_e3_macro_auroc,5,seeds+patients,-0.002075,-0.004041,-0.000191,0.029997,0.000977,10000
C1-S1,0.25,e3_degradation,5,patients,0.001073,-0.000488,0.002565,0.173383,0.000779,10000
C1-S1,0.25,e3_degradation,5,seeds+patients,0.001073,-0.002659,0.00518,0.589541,0.001992,10000
C1-S1,0.25,test_e3_macro_auroc_criteria,5,patients,-0.000829,-0.00273,0.000842,0.370763,0.00091,10000
C1-S1,0.25,test_e3_macro_auroc_criteria,5,seeds+patients,-0.000829,-0.004768,0.002966,0.70213,0.001974,10000
C1-S1,0.25,sph_e3_macro_auroc_criteria,5,patients,-0.002507,-0.003256,-0.001751,0.0002,0.000381,10000
C1-S1,0.25,sph_e3_macro_auroc_criteria,5,seeds+patients,-0.002507,-0.005125,0.000196,0.068793,0.001353,10000
C1-S1,0.25,e3_degradation_criteria,5,patients,0.001678,-0.000336,0.003529,0.09839,0.000987,10000
C1-S1,0.25,e3_degradation_criteria,5,seeds+patients,0.001678,-0.003375,0.007022,0.509949,0.002635,10000
C1-S1,0.25,test_e3_macro_auroc_interpretive,5,patients,-0.001349,-0.003677,0.000902,0.247975,0.00117,10000
C1-S1,0.25,test_e3_macro_auroc_interpretive,5,seeds+patients,-0.001349,-0.004944,0.002151,0.431557,0.001791,10000
C1-S1,0.25,sph_e3_macro_auroc_interpretive,5,patients,-0.001212,-0.002364,-6.9e-05,0.038396,0.000584,10000
C1-S1,0.25,sph_e3_macro_auroc_interpretive,5,seeds+patients,-0.001212,-0.004219,0.001953,0.408759,0.001546,10000
C1-S1,0.25,e3_degradation_interpretive,5,patients,-0.000137,-0.002744,0.00239,0.922508,0.001309,10000
C1-S1,0.25,e3_degradation_interpretive,5,seeds+patients,-0.000137,-0.005896,0.005254,0.966903,0.002799,10000
C0-S0,0.25,test_macro_auroc,5,patients,-0.002796,-0.006915,0.002993,0.39776,0.002522,10000
C0-S0,0.25,test_macro_auroc,5,seeds+patients,-0.002796,-0.009817,0.005349,0.560344,0.003813,10000
C0-S0,0.25,test_e3_macro_auroc,5,patients,-0.002272,-0.003627,-0.000947,0.0014,0.000681,10000
C0-S0,0.25,test_e3_macro_auroc,5,seeds+patients,-0.002272,-0.005756,0.001081,0.181382,0.001737,10000
C0-S0,0.25,sph_e3_macro_auroc,5,patients,0.001552,0.00074,0.002357,0.0002,0.000409,10000
C0-S0,0.25,sph_e3_macro_auroc,5,seeds+patients,0.001552,0.000211,0.002867,0.026197,0.000668,10000
C0-S0,0.25,e3_degradation,5,patients,-0.003825,-0.005389,-0.002283,0.0002,0.000789,10000
C0-S0,0.25,e3_degradation,5,seeds+patients,-0.003825,-0.007776,9.4e-05,0.055194,0.001994,10000
C0-S0,0.25,test_e3_macro_auroc_criteria,5,patients,-0.002197,-0.003752,-0.000658,0.006399,0.000789,10000
C0-S0,0.25,test_e3_macro_auroc_criteria,5,seeds+patients,-0.002197,-0.006917,0.001634,0.309769,0.002197,10000
C0-S0,0.25,sph_e3_macro_auroc_criteria,5,patients,0.002298,0.001453,0.003185,0.0002,0.000442,10000
C0-S0,0.25,sph_e3_macro_auroc_criteria,5,seeds+patients,0.002298,0.000537,0.004009,0.013999,0.000881,10000
C0-S0,0.25,e3_degradation_criteria,5,patients,-0.004495,-0.006272,-0.002765,0.0002,0.000901,10000
C0-S0,0.25,e3_degradation_criteria,5,seeds+patients,-0.004495,-0.009561,-3.8e-05,0.048395,0.002418,10000
C0-S0,0.25,test_e3_macro_auroc_interpretive,5,patients,-0.002423,-0.004987,0.000249,0.071393,0.001343,10000
C0-S0,0.25,test_e3_macro_auroc_interpretive,5,seeds+patients,-0.002423,-0.007738,0.00313,0.370763,0.002764,10000
C0-S0,0.25,sph_e3_macro_auroc_interpretive,5,patients,6.2e-05,-0.001585,0.001725,0.931307,0.000848,10000
C0-S0,0.25,sph_e3_macro_auroc_interpretive,5,seeds+patients,6.2e-05,-0.003835,0.004187,0.978102,0.002016,10000
C0-S0,0.25,e3_degradation_interpretive,5,patients,-0.002484,-0.005577,0.000646,0.117388,0.001578,10000
C0-S0,0.25,e3_degradation_interpretive,5,seeds+patients,-0.002484,-0.007525,0.002773,0.334167,0.002607,10000
S1-S0,0.25,test_macro_auroc,5,patients,0.00144,-0.001583,0.004785,0.331567,0.001626,10000
S1-S0,0.25,test_macro_auroc,5,seeds+patients,0.00144,-0.00427,0.008303,0.628337,0.003146,10000
S1-S0,0.25,test_e3_macro_auroc,5,patients,0.001199,-2.6e-05,0.002441,0.054795,0.00063,10000
S1-S0,0.25,test_e3_macro_auroc,5,seeds+patients,0.001199,-0.001684,0.004389,0.453955,0.001563,10000
S1-S0,0.25,sph_e3_macro_auroc,5,patients,0.002037,0.001385,0.002725,0.0002,0.000345,10000
S1-S0,0.25,sph_e3_macro_auroc,5,seeds+patients,0.002037,-0.000236,0.004849,0.087191,0.001318,10000
S1-S0,0.25,e3_degradation,5,patients,-0.000838,-0.002246,0.000598,0.238176,0.000719,10000
S1-S0,0.25,e3_degradation,5,seeds+patients,-0.000838,-0.004937,0.003156,0.658334,0.002038,10000
S1-S0,0.25,test_e3_macro_auroc_criteria,5,patients,-0.000407,-0.001959,0.001144,0.59874,0.000792,10000
S1-S0,0.25,test_e3_macro_auroc_criteria,5,seeds+patients,-0.000407,-0.003854,0.00293,0.793721,0.001734,10000
S1-S0,0.25,sph_e3_macro_auroc_criteria,5,patients,0.002402,0.001654,0.003181,0.0002,0.000391,10000
S1-S0,0.25,sph_e3_macro_auroc_criteria,5,seeds+patients,0.002402,-0.001273,0.00704,0.278172,0.002165,10000
S1-S0,0.25,e3_degradation_criteria,5,patients,-0.00281,-0.004511,-0.001069,0.0022,0.000884,10000
S1-S0,0.25,e3_degradation_criteria,5,seeds+patients,-0.00281,-0.008534,0.002036,0.282772,0.002706,10000
S1-S0,0.25,test_e3_macro_auroc_interpretive,5,patients,0.004411,0.002317,0.006631,0.0004,0.001099,10000
S1-S0,0.25,test_e3_macro_auroc_interpretive,5,seeds+patients,0.004411,0.000144,0.009346,0.044396,0.002348,10000
S1-S0,0.25,sph_e3_macro_auroc_interpretive,5,patients,0.001307,3.2e-05,0.002694,0.044796,0.000678,10000
S1-S0,0.25,sph_e3_macro_auroc_interpretive,5,seeds+patients,0.001307,-0.000955,0.00383,0.253975,0.001214,10000
S1-S0,0.25,e3_degradation_interpretive,5,patients,0.003104,0.000587,0.005669,0.014199,0.001298,10000
S1-S0,0.25,e3_degradation_interpretive,5,seeds+patients,0.003104,-0.001065,0.007504,0.130187,0.002132,10000
C1-C0,0.25,test_macro_auroc,5,patients,-0.000526,-0.00589,0.00377,0.678732,0.002476,10000
C1-C0,0.25,test_macro_auroc,5,seeds+patients,-0.000526,-0.007782,0.005883,0.741126,0.003466,10000
C1-C0,0.25,test_e3_macro_auroc,5,patients,0.002469,0.001042,0.00392,0.001,0.000732,10000
C1-C0,0.25,test_e3_macro_auroc,5,seeds+patients,0.002469,0.000214,0.004797,0.030797,0.001151,10000
C1-C0,0.25,sph_e3_macro_auroc,5,patients,-0.00159,-0.002302,-0.000887,0.0002,0.000364,10000
C1-C0,0.25,sph_e3_macro_auroc,5,seeds+patients,-0.00159,-0.003795,0.000797,0.181782,0.001169,10000
C1-C0,0.25,e3_degradation,5,patients,0.004059,0.002462,0.005687,0.0002,0.000818,10000
C1-C0,0.25,e3_degradation,5,seeds+patients,0.004059,0.00085,0.007552,0.012399,0.001693,10000
C1-C0,0.25,test_e3_macro_auroc_criteria,5,patients,0.000961,-0.000596,0.002545,0.229577,0.000808,10000
C1-C0,0.25,test_e3_macro_auroc_criteria,5,seeds+patients,0.000961,-0.002387,0.004436,0.562944,0.001748,10000
C1-C0,0.25,sph_e3_macro_auroc_criteria,5,patients,-0.002402,-0.003214,-0.001622,0.0002,0.000404,10000
C1-C0,0.25,sph_e3_macro_auroc_criteria,5,seeds+patients,-0.002402,-0.006028,0.001121,0.190981,0.001823,10000
C1-C0,0.25,e3_degradation_criteria,5,patients,0.003363,0.001581,0.005128,0.0004,0.000903,10000
C1-C0,0.25,e3_degradation_criteria,5,seeds+patients,0.003363,-0.001194,0.00865,0.166583,0.002509,10000
C1-C0,0.25,test_e3_macro_auroc_interpretive,5,patients,0.005485,0.002755,0.008265,0.0004,0.001396,10000
C1-C0,0.25,test_e3_macro_auroc_interpretive,5,seeds+patients,0.005485,0.001776,0.009594,0.005799,0.001989,10000
C1-C0,0.25,sph_e3_macro_auroc_interpretive,5,patients,3.3e-05,-0.001332,0.001512,0.9989,0.000728,10000
C1-C0,0.25,sph_e3_macro_auroc_interpretive,5,seeds+patients,3.3e-05,-0.003692,0.003925,0.9961,0.001942,10000
C1-C0,0.25,e3_degradation_interpretive,5,patients,0.005451,0.002391,0.008581,0.0012,0.001574,10000
C1-C0,0.25,e3_degradation_interpretive,5,seeds+patients,0.005451,6.4e-05,0.010873,0.045595,0.002723,10000
C1-S1,0.5,test_macro_auroc,5,patients,0.001052,-0.001897,0.003806,0.542346,0.00145,10000
C1-S1,0.5,test_macro_auroc,5,seeds+patients,0.001052,-0.004555,0.005731,0.652335,0.002565,10000
C1-S1,0.5,test_e3_macro_auroc,5,patients,-0.001203,-0.00231,-0.000108,0.030397,0.000559,10000
C1-S1,0.5,test_e3_macro_auroc,5,seeds+patients,-0.001203,-0.002981,0.000443,0.146785,0.000855,10000
C1-S1,0.5,sph_e3_macro_auroc,5,patients,-0.00099,-0.001584,-0.000387,0.0012,0.000305,10000
C1-S1,0.5,sph_e3_macro_auroc,5,seeds+patients,-0.00099,-0.002551,0.000517,0.20498,0.000784,10000
C1-S1,0.5,e3_degradation,5,patients,-0.000212,-0.001478,0.000996,0.736326,0.000639,10000
C1-S1,0.5,e3_degradation,5,seeds+patients,-0.000212,-0.00183,0.001379,0.781322,0.000813,10000
C1-S1,0.5,test_e3_macro_auroc_criteria,5,patients,-0.00043,-0.001696,0.000808,0.49875,0.000637,10000
C1-S1,0.5,test_e3_macro_auroc_criteria,5,seeds+patients,-0.00043,-0.002265,0.001306,0.625937,0.000896,10000
C1-S1,0.5,sph_e3_macro_auroc_criteria,5,patients,-0.00122,-0.001916,-0.000488,0.0012,0.000368,10000
C1-S1,0.5,sph_e3_macro_auroc_criteria,5,seeds+patients,-0.00122,-0.003842,0.001082,0.358364,0.001259,10000
C1-S1,0.5,e3_degradation_criteria,5,patients,0.00079,-0.000693,0.002229,0.291971,0.000736,10000
C1-S1,0.5,e3_degradation_criteria,5,seeds+patients,0.00079,-0.001486,0.003098,0.512949,0.001168,10000
C1-S1,0.5,test_e3_macro_auroc_interpretive,5,patients,-0.002748,-0.004835,-0.000714,0.008399,0.001041,10000
C1-S1,0.5,test_e3_macro_auroc_interpretive,5,seeds+patients,-0.002748,-0.006028,3.7e-05,0.053395,0.001528,10000
C1-S1,0.5,sph_e3_macro_auroc_interpretive,5,patients,-0.000531,-0.001666,0.000437,0.328367,0.00054,10000
C1-S1,0.5,sph_e3_macro_auroc_interpretive,5,seeds+patients,-0.000531,-0.002513,0.001547,0.559744,0.001017,10000
C1-S1,0.5,e3_degradation_interpretive,5,patients,-0.002216,-0.004541,7.3e-05,0.056194,0.00117,10000
C1-S1,0.5,e3_degradation_interpretive,5,seeds+patients,-0.002216,-0.006083,0.001117,0.19918,0.001819,10000
C0-S0,0.5,test_macro_auroc,5,patients,6e-05,-0.002715,0.003161,0.869113,0.001513,10000
C0-S0,0.5,test_macro_auroc,5,seeds+patients,6e-05,-0.006049,0.006834,0.949305,0.003195,10000
C0-S0,0.5,test_e3_macro_auroc,5,patients,-0.000764,-0.001887,0.000249,0.145585,0.000546,10000
C0-S0,0.5,test_e3_macro_auroc,5,seeds+patients,-0.000764,-0.003043,0.001272,0.468553,0.001089,10000
C0-S0,0.5,sph_e3_macro_auroc,5,patients,0.000443,-0.000177,0.001073,0.162184,0.00032,10000
C0-S0,0.5,sph_e3_macro_auroc,5,seeds+patients,0.000443,-0.002564,0.002715,0.652535,0.001374,10000
C0-S0,0.5,e3_degradation,5,patients,-0.001207,-0.002476,1.6e-05,0.052395,0.000633,10000
C0-S0,0.5,e3_degradation,5,seeds+patients,-0.001207,-0.005016,0.002852,0.521548,0.002012,10000
C0-S0,0.5,test_e3_macro_auroc_criteria,5,patients,-0.001162,-0.00259,3.7e-05,0.060594,0.000671,10000
C0-S0,0.5,test_e3_macro_auroc_criteria,5,seeds+patients,-0.001162,-0.003098,0.000583,0.187781,0.000926,10000
C0-S0,0.5,sph_e3_macro_auroc_criteria,5,patients,0.001328,0.000604,0.002027,0.0008,0.000368,10000
C0-S0,0.5,sph_e3_macro_auroc_criteria,5,seeds+patients,0.001328,-0.003475,0.005081,0.512349,0.002234,10000
C0-S0,0.5,e3_degradation_criteria,5,patients,-0.002491,-0.004077,-0.001053,0.0002,0.000769,10000
C0-S0,0.5,e3_degradation_criteria,5,seeds+patients,-0.002491,-0.00679,0.002901,0.326567,0.002504,10000
C0-S0,0.5,test_e3_macro_auroc_interpretive,5,patients,3.3e-05,-0.001801,0.001831,0.966903,0.000927,10000
C0-S0,0.5,test_e3_macro_auroc_interpretive,5,seeds+patients,3.3e-05,-0.004411,0.004089,0.981902,0.00218,10000
C0-S0,0.5,sph_e3_macro_auroc_interpretive,5,patients,-0.001327,-0.002454,-3.5e-05,0.044396,0.000609,10000
C0-S0,0.5,sph_e3_macro_auroc_interpretive,5,seeds+patients,-0.001327,-0.003972,0.000825,0.236176,0.001205,10000
C0-S0,0.5,e3_degradation_interpretive,5,patients,0.00136,-0.000825,0.003504,0.228377,0.001103,10000
C0-S0,0.5,e3_degradation_interpretive,5,seeds+patients,0.00136,-0.004118,0.006972,0.644336,0.002849,10000
S1-S0,0.5,test_macro_auroc,5,patients,-0.000532,-0.002649,0.001875,0.669533,0.001163,10000
S1-S0,0.5,test_macro_auroc,5,seeds+patients,-0.000532,-0.004698,0.003576,0.79872,0.002045,10000
S1-S0,0.5,test_e3_macro_auroc,5,patients,0.001032,0.000258,0.001828,0.010599,0.000401,10000
S1-S0,0.5,test_e3_macro_auroc,5,seeds+patients,0.001032,-0.000699,0.002784,0.230577,0.000874,10000
S1-S0,0.5,sph_e3_macro_auroc,5,patients,0.001777,0.001225,0.002328,0.0002,0.000282,10000
S1-S0,0.5,sph_e3_macro_auroc,5,seeds+patients,0.001777,-0.000695,0.003921,0.160184,0.001191,10000
S1-S0,0.5,e3_degradation,5,patients,-0.000744,-0.001707,0.000218,0.131987,0.000489,10000
S1-S0,0.5,e3_degradation,5,seeds+patients,-0.000744,-0.003277,0.001492,0.547745,0.001219,10000
S1-S0,0.5,test_e3_macro_auroc_criteria,5,patients,0.000561,-0.000195,0.001326,0.144586,0.000387,10000
S1-S0,0.5,test_e3_macro_auroc_criteria,5,seeds+patients,0.000561,-0.000957,0.002,0.443556,0.000745,10000
S1-S0,0.5,sph_e3_macro_auroc_criteria,5,patients,0.002289,0.001566,0.002985,0.0002,0.000359,10000
S1-S0,0.5,sph_e3_macro_auroc_criteria,5,seeds+patients,0.002289,-0.000934,0.004928,0.158384,0.001524,10000
S1-S0,0.5,e3_degradation_criteria,5,patients,-0.001728,-0.002754,-0.000684,0.0024,0.00053,10000
S1-S0,0.5,e3_degradation_criteria,5,seeds+patients,-0.001728,-0.004773,0.001476,0.272773,0.001582,10000
S1-S0,0.5,test_e3_macro_auroc_interpretive,5,patients,0.001974,0.000217,0.003758,0.029997,0.000905,10000
S1-S0,0.5,test_e3_macro_auroc_interpretive,5,seeds+patients,0.001974,-0.001354,0.005606,0.249975,0.001776,10000
S1-S0,0.5,sph_e3_macro_auroc_interpretive,5,patients,0.000752,-9.6e-05,0.001667,0.082992,0.000449,10000
S1-S0,0.5,sph_e3_macro_auroc_interpretive,5,seeds+patients,0.000752,-0.00079,0.002422,0.327967,0.000808,10000
S1-S0,0.5,e3_degradation_interpretive,5,patients,0.001222,-0.000732,0.003176,0.215978,0.000996,10000
S1-S0,0.5,e3_degradation_interpretive,5,seeds+patients,0.001222,-0.002227,0.004827,0.50315,0.001784,10000
C1-C0,0.5,test_macro_auroc,5,patients,0.000459,-0.002964,0.003383,0.909309,0.001619,10000
C1-C0,0.5,test_macro_auroc,5,seeds+patients,0.000459,-0.00487,0.006526,0.9993,0.002853,10000
C1-C0,0.5,test_e3_macro_auroc,5,patients,0.000593,-0.000557,0.00182,0.319368,0.000605,10000
C1-C0,0.5,test_e3_macro_auroc,5,seeds+patients,0.000593,-0.001737,0.003118,0.622938,0.001227,10000
C1-C0,0.5,sph_e3_macro_auroc,5,patients,0.000343,-0.00032,0.000991,0.309169,0.000334,10000
C1-C0,0.5,sph_e3_macro_auroc,5,seeds+patients,0.000343,-0.002482,0.003118,0.822518,0.001439,10000
C1-C0,0.5,e3_degradation,5,patients,0.00025,-0.0011,0.001634,0.721328,0.000693,10000
C1-C0,0.5,e3_degradation,5,seeds+patients,0.00025,-0.003386,0.003752,0.867713,0.00182,10000
C1-C0,0.5,test_e3_macro_auroc_criteria,5,patients,0.001294,3.6e-05,0.002735,0.044396,0.000691,10000
C1-C0,0.5,test_e3_macro_auroc_criteria,5,seeds+patients,0.001294,-0.000489,0.003327,0.151785,0.000962,10000
C1-C0,0.5,sph_e3_macro_auroc_criteria,5,patients,-0.000259,-0.000994,0.000488,0.50335,0.000381,10000
C1-C0,0.5,sph_e3_macro_auroc_criteria,5,seeds+patients,-0.000259,-0.004167,0.003746,0.873313,0.002051,10000
C1-C0,0.5,e3_degradation_criteria,5,patients,0.001553,5.5e-05,0.003146,0.041196,0.000787,10000
C1-C0,0.5,e3_degradation_criteria,5,seeds+patients,0.001553,-0.003058,0.005821,0.474753,0.002283,10000
C1-C0,0.5,test_e3_macro_auroc_interpretive,5,patients,-0.000807,-0.003103,0.001455,0.484952,0.001156,10000
C1-C0,0.5,test_e3_macro_auroc_interpretive,5,seeds+patients,-0.000807,-0.005794,0.00428,0.755124,0.002565,10000
C1-C0,0.5,sph_e3_macro_auroc_interpretive,5,patients,0.001548,0.000256,0.00273,0.021198,0.000632,10000
C1-C0,0.5,sph_e3_macro_auroc_interpretive,5,seeds+patients,0.001548,-0.000361,0.003648,0.10419,0.00099,10000
C1-C0,0.5,e3_degradation_interpretive,5,patients,-0.002355,-0.004923,0.000218,0.075392,0.001319,10000
C1-C0,0.5,e3_degradation_interpretive,5,seeds+patients,-0.002355,-0.007593,0.002803,0.370163,0.002628,10000
C1-S1,1.0,test_macro_auroc,5,patients,-0.002315,-0.004328,0.000142,0.065593,0.001149,10000
C1-S1,1.0,test_macro_auroc,5,seeds+patients,-0.002315,-0.006851,0.001974,0.30177,0.002207,10000
C1-S1,1.0,test_e3_macro_auroc,5,patients,-0.000312,-0.001045,0.000414,0.384562,0.000367,10000
C1-S1,1.0,test_e3_macro_auroc,5,seeds+patients,-0.000312,-0.001462,0.000805,0.576342,0.000578,10000
C1-S1,1.0,sph_e3_macro_auroc,5,patients,0.001576,0.001082,0.002067,0.0002,0.000249,10000
C1-S1,1.0,sph_e3_macro_auroc,5,seeds+patients,0.001576,0.000532,0.002621,0.004,0.000538,10000
C1-S1,1.0,e3_degradation,5,patients,-0.001888,-0.002763,-0.001016,0.0002,0.000442,10000
C1-S1,1.0,e3_degradation,5,seeds+patients,-0.001888,-0.003151,-0.000602,0.007399,0.000639,10000
C1-S1,1.0,test_e3_macro_auroc_criteria,5,patients,4.7e-05,-0.000715,0.000805,0.919308,0.000386,10000
C1-S1,1.0,test_e3_macro_auroc_criteria,5,seeds+patients,4.7e-05,-0.001286,0.00126,0.90351,0.000643,10000
C1-S1,1.0,sph_e3_macro_auroc_criteria,5,patients,0.001963,0.001344,0.002594,0.0002,0.00032,10000
C1-S1,1.0,sph_e3_macro_auroc_criteria,5,seeds+patients,0.001963,0.000179,0.003707,0.032797,0.000908,10000
C1-S1,1.0,e3_degradation_criteria,5,patients,-0.001916,-0.002906,-0.000934,0.0004,0.0005,10000
C1-S1,1.0,e3_degradation_criteria,5,seeds+patients,-0.001916,-0.003645,-0.00026,0.025797,0.000862,10000
C1-S1,1.0,test_e3_macro_auroc_interpretive,5,patients,-0.001029,-0.00254,0.000434,0.171583,0.000766,10000
C1-S1,1.0,test_e3_macro_auroc_interpretive,5,seeds+patients,-0.001029,-0.003395,0.001383,0.387561,0.001223,10000
C1-S1,1.0,sph_e3_macro_auroc_interpretive,5,patients,0.000802,5.5e-05,0.001606,0.035996,0.000398,10000
C1-S1,1.0,sph_e3_macro_auroc_interpretive,5,seeds+patients,0.000802,-0.000455,0.002151,0.217978,0.000667,10000
C1-S1,1.0,e3_degradation_interpretive,5,patients,-0.00183,-0.003555,-0.000172,0.033797,0.000867,10000
C1-S1,1.0,e3_degradation_interpretive,5,seeds+patients,-0.00183,-0.004634,0.000972,0.19898,0.001426,10000
C0-S0,1.0,test_macro_auroc,5,patients,-0.000717,-0.003694,0.001892,0.622938,0.001433,10000
C0-S0,1.0,test_macro_auroc,5,seeds+patients,-0.000717,-0.005374,0.003843,0.745525,0.002317,10000
C0-S0,1.0,test_e3_macro_auroc,5,patients,-0.000105,-0.000819,0.000603,0.776522,0.000364,10000
C0-S0,1.0,test_e3_macro_auroc,5,seeds+patients,-0.000105,-0.001391,0.001108,0.879712,0.000631,10000
C0-S0,1.0,sph_e3_macro_auroc,5,patients,-0.001616,-0.002156,-0.001065,0.0002,0.000279,10000
C0-S0,1.0,sph_e3_macro_auroc,5,seeds+patients,-0.001616,-0.003936,0.000165,0.094191,0.001064,10000
C0-S0,1.0,e3_degradation,5,patients,0.001511,0.000604,0.002411,0.0016,0.000462,10000
C0-S0,1.0,e3_degradation,5,seeds+patients,0.001511,-0.001049,0.004468,0.282972,0.001421,10000
C0-S0,1.0,test_e3_macro_auroc_criteria,5,patients,-0.000236,-0.000941,0.000482,0.508149,0.000365,10000
C0-S0,1.0,test_e3_macro_auroc_criteria,5,seeds+patients,-0.000236,-0.001757,0.001238,0.726727,0.000741,10000
C0-S0,1.0,sph_e3_macro_auroc_criteria,5,patients,-0.002335,-0.003035,-0.001636,0.0002,0.000358,10000
C0-S0,1.0,sph_e3_macro_auroc_criteria,5,seeds+patients,-0.002335,-0.00577,0.000396,0.124388,0.001609,10000
C0-S0,1.0,e3_degradation_criteria,5,patients,0.002099,0.001096,0.003109,0.0004,0.000511,10000
C0-S0,1.0,e3_degradation_criteria,5,seeds+patients,0.002099,-0.001445,0.006236,0.284372,0.001964,10000
C0-S0,1.0,test_e3_macro_auroc_interpretive,5,patients,0.000156,-0.001482,0.001827,0.844316,0.000839,10000
C0-S0,1.0,test_e3_macro_auroc_interpretive,5,seeds+patients,0.000156,-0.002317,0.002547,0.877112,0.001225,10000
C0-S0,1.0,sph_e3_macro_auroc_interpretive,5,patients,-0.000178,-0.001014,0.000704,0.663734,0.000436,10000
C0-S0,1.0,sph_e3_macro_auroc_interpretive,5,seeds+patients,-0.000178,-0.00167,0.001331,0.785121,0.000756,10000
C0-S0,1.0,e3_degradation_interpretive,5,patients,0.000335,-0.00148,0.002237,0.709329,0.000951,10000
C0-S0,1.0,e3_degradation_interpretive,5,seeds+patients,0.000335,-0.0022,0.002925,0.783122,0.001299,10000
S1-S0,1.0,test_macro_auroc,5,patients,0.002119,-0.000461,0.004374,0.09799,0.001232,10000
S1-S0,1.0,test_macro_auroc,5,seeds+patients,0.002119,-0.001653,0.006249,0.266573,0.002007,10000
S1-S0,1.0,test_e3_macro_auroc,5,patients,0.000523,-0.000152,0.001196,0.131187,0.000345,10000
S1-S0,1.0,test_e3_macro_auroc,5,seeds+patients,0.000523,-0.000668,0.001756,0.375362,0.000611,10000
S1-S0,1.0,sph_e3_macro_auroc,5,patients,0.001133,0.000681,0.001598,0.0002,0.000234,10000
S1-S0,1.0,sph_e3_macro_auroc,5,seeds+patients,0.001133,-0.001432,0.003357,0.345765,0.001213,10000
S1-S0,1.0,e3_degradation,5,patients,-0.000609,-0.001446,0.000201,0.145385,0.000419,10000
S1-S0,1.0,e3_degradation,5,seeds+patients,-0.000609,-0.002471,0.001594,0.515948,0.001041,10000
S1-S0,1.0,test_e3_macro_auroc_criteria,5,patients,0.000565,-0.000112,0.001264,0.106589,0.000352,10000
S1-S0,1.0,test_e3_macro_auroc_criteria,5,seeds+patients,0.000565,-0.000683,0.001859,0.379162,0.000645,10000
S1-S0,1.0,sph_e3_macro_auroc_criteria,5,patients,0.001704,0.001075,0.002328,0.0002,0.000318,10000
S1-S0,1.0,sph_e3_macro_auroc_criteria,5,seeds+patients,0.001704,-0.001478,0.004759,0.281572,0.001584,10000
S1-S0,1.0,e3_degradation_criteria,5,patients,-0.001139,-0.002091,-0.000211,0.014599,0.000477,10000
S1-S0,1.0,e3_degradation_criteria,5,seeds+patients,-0.001139,-0.003934,0.001807,0.413959,0.001467,10000
S1-S0,1.0,test_e3_macro_auroc_interpretive,5,patients,0.000441,-0.001007,0.001948,0.554945,0.000755,10000
S1-S0,1.0,test_e3_macro_auroc_interpretive,5,seeds+patients,0.000441,-0.001949,0.00278,0.685731,0.001203,10000
S1-S0,1.0,sph_e3_macro_auroc_interpretive,5,patients,-1e-05,-0.000586,0.000566,0.972703,0.000294,10000
S1-S0,1.0,sph_e3_macro_auroc_interpretive,5,seeds+patients,-1e-05,-0.001882,0.001667,0.970903,0.000883,10000
S1-S0,1.0,e3_degradation_interpretive,5,patients,0.000452,-0.001124,0.002051,0.568943,0.00081,10000
S1-S0,1.0,e3_degradation_interpretive,5,seeds+patients,0.000452,-0.002422,0.003169,0.720928,0.001415,10000
C1-C0,1.0,test_macro_auroc,5,patients,0.000521,-0.001661,0.002945,0.559544,0.001182,10000
C1-C0,1.0,test_macro_auroc,5,seeds+patients,0.000521,-0.003687,0.004986,0.747925,0.002178,10000
C1-C0,1.0,test_e3_macro_auroc,5,patients,0.000317,-0.000546,0.0012,0.473553,0.000439,10000
C1-C0,1.0,test_e3_macro_auroc,5,seeds+patients,0.000317,-0.00084,0.001479,0.581942,0.000583,10000
C1-C0,1.0,sph_e3_macro_auroc,5,patients,0.004324,0.003779,0.004886,0.0002,0.000284,10000
C1-C0,1.0,sph_e3_macro_auroc,5,seeds+patients,0.004324,0.000888,0.007324,0.010599,0.001656,10000
C1-C0,1.0,e3_degradation,5,patients,-0.004008,-0.005023,-0.002988,0.0002,0.000521,10000
C1-C0,1.0,e3_degradation,5,seeds+patients,-0.004008,-0.007245,-0.000389,0.032797,0.001761,10000
C1-C0,1.0,test_e3_macro_auroc_criteria,5,patients,0.000847,-9.3e-05,0.00187,0.082592,0.000502,10000
C1-C0,1.0,test_e3_macro_auroc_criteria,5,seeds+patients,0.000847,-0.000525,0.002332,0.219178,0.000714,10000
C1-C0,1.0,sph_e3_macro_auroc_criteria,5,patients,0.006002,0.005238,0.006795,0.0002,0.000398,10000
C1-C0,1.0,sph_e3_macro_auroc_criteria,5,seeds+patients,0.006002,0.001489,0.010153,0.007199,0.002224,10000
C1-C0,1.0,e3_degradation_criteria,5,patients,-0.005155,-0.006378,-0.003899,0.0002,0.000634,10000
C1-C0,1.0,e3_degradation_criteria,5,seeds+patients,-0.005155,-0.009797,3e-05,0.051995,0.002524,10000
C1-C0,1.0,test_e3_macro_auroc_interpretive,5,patients,-0.000744,-0.002379,0.000889,0.362364,0.000832,10000
C1-C0,1.0,test_e3_macro_auroc_interpretive,5,seeds+patients,-0.000744,-0.003246,0.001723,0.546945,0.001266,10000
C1-C0,1.0,sph_e3_macro_auroc_interpretive,5,patients,0.00097,0.000375,0.001617,0.0012,0.000313,10000
C1-C0,1.0,sph_e3_macro_auroc_interpretive,5,seeds+patients,0.00097,-0.000655,0.002535,0.223978,0.000813,10000
C1-C0,1.0,e3_degradation_interpretive,5,patients,-0.001713,-0.00349,3.1e-05,0.054795,0.000884,10000
C1-C0,1.0,e3_degradation_interpretive,5,seeds+patients,-0.001713,-0.004221,0.000824,0.172183,0.001282,10000
